{"allPairShortestDistances":[[0.0,13.0,19.0,17.0,14.0,7.0,11.0,19.0,15.0,19.0,29.0,4.0,4.0,14.0,0.0,0.0,7.0,11.0,14.0,0.0,13.0,11.0,14.0,19.0,13.0,19.0,0.0,13.0,19.0,14.0,19.0,15.0,0.0,15.0,7.0,17.0,29.0,4.0,19.0,19.0,29.0,13.0,19.0,4.0,4.0,29.0,15.0,19.0,19.0,17.0,29.0],[13.0,0.0,18.0,9.0,23.0,20.0,24.0,21.0,2.0,18.0,16.0,17.0,17.0,18.0,9.0,13.0,20.0,24.0,23.0,13.0,0.0,24.0,23.0,21.0,0.0,21.0,13.0,0.0,18.0,23.0,18.0,2.0,13.0,2.0,20.0,9.0,16.0,17.0,18.0,21.0,16.0,0.0,18.0,17.0,17.0,16.0,2.0,18.0,18.0,9.0,16.0],[19.0,18.0,0.0,20.0,5.0,12.0,16.0,24.0,20.0,27.0,25.0,15.0,12.0,0.0,19.0,16.0,12.0,16.0,5.0,19.0,18.0,16.0,5.0,24.0,18.0,24.0,19.0,18.0,27.0,5.0,0.0,20.0,19.0,20.0,12.0,20.0,25.0,15.0,27.0,24.0,25.0,18.0,0.0,15.0,15.0,25.0,20.0,27.0,27.0,20.0,25.0],[17.0,9.0,20.0,0.0,25.0,24.0,28.0,30.0,11.0,27.0,25.0,21.0,21.0,20.0,0.0,17.0,24.0,28.0,25.0,17.0,9.0,28.0,25.0,30.0,9.0,30.0,17.0,9.0,27.0,25.0,20.0,11.0,17.0,11.0,24.0,0.0,25.0,21.0,27.0,30.0,25.0,9.0,20.0,21.0,21.0,25.0,11.0,27.0,27.0,0.0,25.0],[14.0,23.0,5.0,25.0,0.0,7.0,11.0,19.0,25.0,22.0,20.0,10.0,7.0,0.0,14.0,11.0,7.0,11.0,0.0,14.0,23.0,11.0,0.0,19.0,23.0,19.0,14.0,23.0,22.0,0.0,5.0,25.0,14.0,25.0,7.0,25.0,20.0,10.0,22.0,19.0,20.0,23.0,5.0,10.0,10.0,20.0,25.0,22.0,22.0,25.0,20.0],[7.0,20.0,12.0,24.0,7.0,0.0,4.0,12.0,22.0,15.0,22.0,3.0,0.0,7.0,7.0,4.0,0.0,4.0,7.0,7.0,20.0,4.0,7.0,12.0,20.0,12.0,7.0,20.0,15.0,7.0,12.0,22.0,7.0,22.0,0.0,24.0,22.0,3.0,15.0,12.0,22.0,20.0,12.0,3.0,3.0,22.0,22.0,15.0,15.0,24.0,22.0],[11.0,24.0,16.0,28.0,11.0,4.0,0.0,8.0,26.0,11.0,18.0,7.0,4.0,11.0,11.0,0.0,0.0,0.0,11.0,11.0,24.0,0.0,11.0,8.0,24.0,8.0,11.0,24.0,11.0,11.0,16.0,26.0,11.0,26.0,4.0,28.0,18.0,7.0,11.0,8.0,18.0,24.0,16.0,7.0,7.0,18.0,26.0,11.0,11.0,28.0,18.0],[19.0,21.0,24.0,30.0,19.0,12.0,8.0,0.0,19.0,3.0,10.0,15.0,12.0,19.0,19.0,8.0,8.0,8.0,19.0,19.0,21.0,8.0,19.0,0.0,21.0,0.0,19.0,21.0,3.0,19.0,24.0,19.0,19.0,19.0,12.0,30.0,10.0,15.0,3.0,0.0,10.0,21.0,24.0,15.0,15.0,10.0,19.0,3.0,3.0,30.0,10.0],[15.0,2.0,20.0,11.0,25.0,22.0,26.0,19.0,0.0,16.0,14.0,19.0,19.0,20.0,11.0,15.0,22.0,26.0,25.0,15.0,2.0,26.0,25.0,19.0,2.0,19.0,15.0,2.0,16.0,25.0,20.0,0.0,15.0,0.0,22.0,11.0,14.0,19.0,16.0,19.0,14.0,2.0,20.0,19.0,19.0,14.0,0.0,16.0,16.0,11.0,14.0],[19.0,18.0,27.0,27.0,22.0,15.0,11.0,3.0,16.0,0.0,12.0,18.0,15.0,22.0,19.0,11.0,11.0,11.0,22.0,19.0,18.0,11.0,22.0,3.0,18.0,3.0,19.0,18.0,0.0,22.0,27.0,16.0,19.0,16.0,15.0,27.0,12.0,18.0,0.0,3.0,12.0,18.0,27.0,18.0,18.0,12.0,16.0,0.0,0.0,27.0,12.0],[29.0,16.0,25.0,25.0,20.0,22.0,18.0,10.0,14.0,12.0,0.0,25.0,22.0,20.0,25.0,18.0,18.0,18.0,20.0,29.0,16.0,18.0,20.0,10.0,16.0,10.0,29.0,16.0,12.0,20.0,25.0,14.0,29.0,14.0,22.0,25.0,0.0,25.0,12.0,10.0,0.0,16.0,25.0,25.0,25.0,0.0,14.0,12.0,12.0,25.0,0.0],[4.0,17.0,15.0,21.0,10.0,3.0,7.0,15.0,19.0,18.0,25.0,0.0,0.0,10.0,4.0,4.0,3.0,7.0,10.0,4.0,17.0,7.0,10.0,15.0,17.0,15.0,4.0,17.0,18.0,10.0,15.0,19.0,4.0,19.0,3.0,21.0,25.0,0.0,18.0,15.0,25.0,17.0,15.0,0.0,0.0,25.0,19.0,18.0,18.0,21.0,25.0],[4.0,17.0,12.0,21.0,7.0,0.0,4.0,12.0,19.0,15.0,22.0,0.0,0.0,7.0,4.0,4.0,0.0,4.0,7.0,4.0,17.0,4.0,7.0,12.0,17.0,12.0,4.0,17.0,15.0,7.0,12.0,19.0,4.0,19.0,0.0,21.0,22.0,0.0,15.0,12.0,22.0,17.0,12.0,0.0,0.0,22.0,19.0,15.0,15.0,21.0,22.0],[14.0,18.0,0.0,20.0,0.0,7.0,11.0,19.0,20.0,22.0,20.0,10.0,7.0,0.0,14.0,11.0,7.0,11.0,0.0,14.0,18.0,11.0,0.0,19.0,18.0,19.0,14.0,18.0,22.0,0.0,0.0,20.0,14.0,20.0,7.0,20.0,20.0,10.0,22.0,19.0,20.0,18.0,0.0,10.0,10.0,20.0,20.0,22.0,22.0,20.0,20.0],[0.0,9.0,19.0,0.0,14.0,7.0,11.0,19.0,11.0,19.0,25.0,4.0,4.0,14.0,0.0,0.0,7.0,11.0,14.0,0.0,9.0,11.0,14.0,19.0,9.0,19.0,0.0,9.0,19.0,14.0,19.0,11.0,0.0,11.0,7.0,0.0,25.0,4.0,19.0,19.0,25.0,9.0,19.0,4.0,4.0,25.0,11.0,19.0,19.0,0.0,25.0],[0.0,13.0,16.0,17.0,11.0,4.0,0.0,8.0,15.0,11.0,18.0,4.0,4.0,11.0,0.0,0.0,0.0,0.0,11.0,0.0,13.0,0.0,11.0,8.0,13.0,8.0,0.0,13.0,11.0,11.0,16.0,15.0,0.0,15.0,4.0,17.0,18.0,4.0,11.0,8.0,18.0,13.0,16.0,4.0,4.0,18.0,15.0,11.0,11.0,17.0,18.0],[7.0,20.0,12.0,24.0,7.0,0.0,0.0,8.0,22.0,11.0,18.0,3.0,0.0,7.0,7.0,0.0,0.0,0.0,7.0,7.0,20.0,0.0,7.0,8.0,20.0,8.0,7.0,20.0,11.0,7.0,12.0,22.0,7.0,22.0,0.0,24.0,18.0,3.0,11.0,8.0,18.0,20.0,12.0,3.0,3.0,18.0,22.0,11.0,11.0,24.0,18.0],[19.0,21.0,24.0,30.0,19.0,12.0,8.0,0.0,19.0,3.0,10.0,15.0,12.0,19.0,19.0,8.0,8.0,0.0,19.0,19.0,21.0,8.0,19.0,0.0,21.0,0.0,19.0,21.0,3.0,19.0,24.0,19.0,19.0,19.0,12.0,30.0,10.0,15.0,3.0,0.0,10.0,21.0,24.0,15.0,15.0,10.0,19.0,3.0,3.0,30.0,10.0],[29.0,16.0,25.0,25.0,20.0,22.0,18.0,10.0,14.0,12.0,0.0,25.0,22.0,20.0,25.0,18.0,18.0,18.0,0.0,29.0,16.0,18.0,20.0,10.0,16.0,10.0,29.0,16.0,12.0,20.0,25.0,14.0,29.0,14.0,22.0,25.0,0.0,25.0,12.0,10.0,0.0,16.0,25.0,25.0,25.0,0.0,14.0,12.0,12.0,25.0,0.0],[13.0,0.0,18.0,9.0,23.0,20.0,24.0,21.0,2.0,18.0,16.0,17.0,17.0,18.0,9.0,13.0,20.0,24.0,23.0,0.0,0.0,24.0,23.0,21.0,0.0,21.0,13.0,0.0,18.0,23.0,18.0,2.0,13.0,2.0,20.0,9.0,16.0,17.0,18.0,21.0,16.0,0.0,18.0,17.0,17.0,16.0,2.0,18.0,18.0,9.0,16.0],[19.0,18.0,0.0,20.0,5.0,12.0,16.0,24.0,20.0,27.0,25.0,15.0,12.0,0.0,19.0,16.0,12.0,16.0,5.0,19.0,0.0,16.0,5.0,24.0,18.0,24.0,19.0,18.0,27.0,5.0,0.0,20.0,19.0,20.0,12.0,20.0,25.0,15.0,27.0,24.0,25.0,18.0,0.0,15.0,15.0,25.0,20.0,27.0,27.0,20.0,25.0],[4.0,17.0,15.0,21.0,10.0,3.0,7.0,15.0,19.0,18.0,25.0,0.0,0.0,10.0,4.0,4.0,3.0,7.0,10.0,4.0,17.0,0.0,10.0,15.0,17.0,15.0,4.0,17.0,18.0,10.0,15.0,19.0,4.0,19.0,3.0,21.0,25.0,0.0,18.0,15.0,25.0,17.0,15.0,0.0,0.0,25.0,19.0,18.0,18.0,21.0,25.0],[4.0,17.0,15.0,21.0,10.0,3.0,7.0,15.0,19.0,18.0,25.0,0.0,0.0,10.0,4.0,4.0,3.0,7.0,10.0,4.0,17.0,7.0,0.0,15.0,17.0,15.0,4.0,17.0,18.0,10.0,15.0,19.0,4.0,19.0,3.0,21.0,25.0,0.0,18.0,15.0,25.0,17.0,15.0,0.0,0.0,25.0,19.0,18.0,18.0,21.0,25.0],[29.0,16.0,25.0,25.0,20.0,22.0,18.0,10.0,14.0,12.0,0.0,25.0,22.0,20.0,25.0,18.0,18.0,18.0,20.0,29.0,16.0,18.0,20.0,0.0,16.0,10.0,29.0,16.0,12.0,20.0,25.0,14.0,29.0,14.0,22.0,25.0,0.0,25.0,12.0,10.0,0.0,16.0,25.0,25.0,25.0,0.0,14.0,12.0,12.0,25.0,0.0],[15.0,2.0,20.0,11.0,25.0,22.0,26.0,19.0,0.0,16.0,14.0,19.0,19.0,20.0,11.0,15.0,22.0,26.0,25.0,15.0,2.0,26.0,25.0,19.0,0.0,19.0,15.0,2.0,16.0,25.0,20.0,0.0,15.0,0.0,22.0,11.0,14.0,19.0,16.0,19.0,14.0,2.0,20.0,19.0,19.0,14.0,0.0,16.0,16.0,11.0,14.0],[19.0,18.0,27.0,27.0,22.0,15.0,11.0,3.0,16.0,0.0,12.0,18.0,15.0,22.0,19.0,11.0,11.0,11.0,22.0,19.0,18.0,11.0,22.0,3.0,18.0,0.0,19.0,18.0,0.0,22.0,27.0,16.0,19.0,16.0,15.0,27.0,12.0,18.0,0.0,3.0,12.0,18.0,27.0,18.0,18.0,12.0,16.0,0.0,0.0,27.0,12.0],[19.0,18.0,27.0,27.0,22.0,15.0,11.0,3.0,16.0,0.0,12.0,18.0,15.0,22.0,19.0,11.0,11.0,11.0,22.0,19.0,18.0,11.0,22.0,3.0,18.0,3.0,0.0,18.0,0.0,22.0,27.0,16.0,19.0,16.0,15.0,27.0,12.0,18.0,0.0,3.0,12.0,18.0,27.0,18.0,18.0,12.0,16.0,0.0,0.0,27.0,12.0],[17.0,9.0,20.0,0.0,25.0,24.0,28.0,30.0,11.0,27.0,25.0,21.0,21.0,20.0,0.0,17.0,24.0,28.0,25.0,17.0,9.0,28.0,25.0,30.0,9.0,30.0,17.0,0.0,27.0,25.0,20.0,11.0,17.0,11.0,24.0,0.0,25.0,21.0,27.0,30.0,25.0,9.0,20.0,21.0,21.0,25.0,11.0,27.0,27.0,0.0,25.0],[29.0,16.0,25.0,25.0,20.0,22.0,18.0,10.0,14.0,12.0,0.0,25.0,22.0,20.0,25.0,18.0,18.0,18.0,20.0,29.0,16.0,18.0,20.0,10.0,16.0,10.0,29.0,16.0,0.0,20.0,25.0,14.0,29.0,14.0,22.0,25.0,0.0,25.0,12.0,10.0,0.0,16.0,25.0,25.0,25.0,0.0,14.0,12.0,12.0,25.0,0.0],[7.0,20.0,12.0,24.0,7.0,0.0,4.0,12.0,22.0,15.0,22.0,3.0,0.0,7.0,7.0,4.0,0.0,4.0,7.0,7.0,20.0,4.0,7.0,12.0,20.0,12.0,7.0,20.0,15.0,0.0,12.0,22.0,7.0,22.0,0.0,24.0,22.0,3.0,15.0,12.0,22.0,20.0,12.0,3.0,3.0,22.0,22.0,15.0,15.0,24.0,22.0],[17.0,9.0,20.0,0.0,25.0,24.0,28.0,30.0,11.0,27.0,25.0,21.0,21.0,20.0,0.0,17.0,24.0,28.0,25.0,17.0,9.0,28.0,25.0,30.0,9.0,30.0,17.0,9.0,27.0,25.0,0.0,11.0,17.0,11.0,24.0,0.0,25.0,21.0,27.0,30.0,25.0,9.0,20.0,21.0,21.0,25.0,11.0,27.0,27.0,0.0,25.0],[29.0,16.0,25.0,25.0,20.0,22.0,18.0,10.0,14.0,12.0,0.0,25.0,22.0,20.0,25.0,18.0,18.0,18.0,20.0,29.0,16.0,18.0,20.0,10.0,16.0,10.0,29.0,16.0,12.0,20.0,25.0,0.0,29.0,14.0,22.0,25.0,0.0,25.0,12.0,10.0,0.0,16.0,25.0,25.0,25.0,0.0,14.0,12.0,12.0,25.0,0.0],[4.0,17.0,15.0,21.0,10.0,3.0,7.0,15.0,19.0,18.0,25.0,0.0,0.0,10.0,4.0,4.0,3.0,7.0,10.0,4.0,17.0,7.0,10.0,15.0,17.0,15.0,4.0,17.0,18.0,10.0,15.0,19.0,0.0,19.0,3.0,21.0,25.0,0.0,18.0,15.0,25.0,17.0,15.0,0.0,0.0,25.0,19.0,18.0,18.0,21.0,25.0],[19.0,18.0,27.0,27.0,22.0,15.0,11.0,3.0,16.0,0.0,12.0,18.0,15.0,22.0,19.0,11.0,11.0,11.0,22.0,19.0,18.0,11.0,22.0,3.0,18.0,3.0,19.0,18.0,0.0,22.0,27.0,16.0,19.0,0.0,15.0,27.0,12.0,18.0,0.0,3.0,12.0,18.0,27.0,18.0,18.0,12.0,16.0,0.0,0.0,27.0,12.0],[14.0,23.0,5.0,25.0,0.0,7.0,11.0,19.0,25.0,22.0,20.0,10.0,7.0,0.0,14.0,11.0,7.0,11.0,0.0,14.0,23.0,11.0,0.0,19.0,23.0,19.0,14.0,23.0,22.0,0.0,5.0,25.0,14.0,25.0,0.0,25.0,20.0,10.0,22.0,19.0,20.0,23.0,5.0,10.0,10.0,20.0,25.0,22.0,22.0,25.0,20.0],[19.0,18.0,0.0,20.0,5.0,12.0,16.0,24.0,20.0,27.0,25.0,15.0,12.0,0.0,19.0,16.0,12.0,16.0,5.0,19.0,18.0,16.0,5.0,24.0,18.0,24.0,19.0,18.0,27.0,5.0,0.0,20.0,19.0,20.0,12.0,0.0,25.0,15.0,27.0,24.0,25.0,18.0,0.0,15.0,15.0,25.0,20.0,27.0,27.0,20.0,25.0],[15.0,2.0,20.0,11.0,25.0,22.0,26.0,19.0,0.0,16.0,14.0,19.0,19.0,20.0,11.0,15.0,22.0,26.0,25.0,15.0,2.0,26.0,25.0,19.0,2.0,19.0,15.0,2.0,16.0,25.0,20.0,0.0,15.0,0.0,22.0,11.0,0.0,19.0,16.0,19.0,14.0,2.0,20.0,19.0,19.0,14.0,0.0,16.0,16.0,11.0,14.0],[0.0,13.0,19.0,17.0,14.0,7.0,11.0,19.0,15.0,19.0,29.0,4.0,4.0,14.0,0.0,0.0,7.0,11.0,14.0,0.0,13.0,11.0,14.0,19.0,13.0,19.0,0.0,13.0,19.0,14.0,19.0,15.0,0.0,15.0,7.0,17.0,29.0,0.0,19.0,19.0,29.0,13.0,19.0,4.0,4.0,29.0,15.0,19.0,19.0,17.0,29.0],[15.0,2.0,20.0,11.0,25.0,22.0,26.0,19.0,0.0,16.0,14.0,19.0,19.0,20.0,11.0,15.0,22.0,26.0,25.0,15.0,2.0,26.0,25.0,19.0,2.0,19.0,15.0,2.0,16.0,25.0,20.0,0.0,15.0,0.0,22.0,11.0,14.0,19.0,0.0,19.0,14.0,2.0,20.0,19.0,19.0,14.0,0.0,16.0,16.0,11.0,14.0],[11.0,24.0,16.0,28.0,11.0,4.0,0.0,8.0,26.0,11.0,18.0,7.0,4.0,11.0,11.0,0.0,0.0,0.0,11.0,11.0,24.0,0.0,11.0,8.0,24.0,8.0,11.0,24.0,11.0,11.0,16.0,26.0,11.0,26.0,4.0,28.0,18.0,7.0,11.0,0.0,18.0,24.0,16.0,7.0,7.0,18.0,26.0,11.0,11.0,28.0,18.0],[14.0,23.0,5.0,25.0,0.0,7.0,11.0,19.0,25.0,22.0,20.0,10.0,7.0,0.0,14.0,11.0,7.0,11.0,0.0,14.0,23.0,11.0,0.0,19.0,23.0,19.0,14.0,23.0,22.0,0.0,5.0,25.0,14.0,25.0,7.0,25.0,20.0,10.0,22.0,19.0,0.0,23.0,5.0,10.0,10.0,20.0,25.0,22.0,22.0,25.0,20.0],[0.0,13.0,19.0,17.0,14.0,7.0,11.0,19.0,15.0,19.0,29.0,4.0,4.0,14.0,0.0,0.0,7.0,11.0,14.0,0.0,13.0,11.0,14.0,19.0,13.0,19.0,0.0,13.0,19.0,14.0,19.0,15.0,0.0,15.0,7.0,17.0,29.0,4.0,19.0,19.0,29.0,0.0,19.0,4.0,4.0,29.0,15.0,19.0,19.0,17.0,29.0],[13.0,0.0,18.0,9.0,23.0,20.0,24.0,21.0,2.0,18.0,16.0,17.0,17.0,18.0,9.0,13.0,20.0,24.0,23.0,13.0,0.0,24.0,23.0,21.0,0.0,21.0,13.0,0.0,18.0,23.0,18.0,2.0,13.0,2.0,20.0,9.0,16.0,17.0,18.0,21.0,16.0,0.0,0.0,17.0,17.0,16.0,2.0,18.0,18.0,9.0,16.0],[11.0,24.0,16.0,28.0,11.0,4.0,0.0,8.0,26.0,11.0,18.0,7.0,4.0,11.0,11.0,0.0,0.0,0.0,11.0,11.0,24.0,0.0,11.0,8.0,24.0,8.0,11.0,24.0,11.0,11.0,16.0,26.0,11.0,26.0,4.0,28.0,18.0,7.0,11.0,8.0,18.0,24.0,16.0,0.0,7.0,18.0,26.0,11.0,11.0,28.0,18.0],[14.0,23.0,5.0,25.0,0.0,7.0,11.0,19.0,25.0,22.0,20.0,10.0,7.0,0.0,14.0,11.0,7.0,11.0,0.0,14.0,23.0,11.0,0.0,19.0,23.0,19.0,14.0,23.0,22.0,0.0,5.0,25.0,14.0,25.0,7.0,25.0,20.0,10.0,22.0,19.0,20.0,23.0,5.0,10.0,0.0,20.0,25.0,22.0,22.0,25.0,20.0],[19.0,21.0,24.0,30.0,19.0,12.0,8.0,0.0,19.0,3.0,10.0,15.0,12.0,19.0,19.0,8.0,8.0,8.0,19.0,19.0,21.0,8.0,19.0,0.0,21.0,0.0,19.0,21.0,3.0,19.0,24.0,19.0,19.0,19.0,12.0,30.0,10.0,15.0,3.0,0.0,10.0,21.0,24.0,15.0,15.0,0.0,19.0,3.0,3.0,30.0,10.0],[13.0,0.0,18.0,9.0,23.0,20.0,24.0,21.0,2.0,18.0,16.0,17.0,17.0,18.0,9.0,13.0,20.0,24.0,23.0,13.0,0.0,24.0,23.0,21.0,0.0,21.0,13.0,0.0,18.0,23.0,18.0,2.0,13.0,2.0,20.0,9.0,16.0,17.0,18.0,21.0,16.0,0.0,18.0,17.0,17.0,16.0,0.0,18.0,18.0,9.0,16.0],[19.0,21.0,24.0,30.0,19.0,12.0,8.0,0.0,19.0,3.0,10.0,15.0,12.0,19.0,19.0,8.0,8.0,8.0,19.0,19.0,21.0,8.0,19.0,0.0,21.0,0.0,19.0,21.0,3.0,19.0,24.0,19.0,19.0,19.0,12.0,30.0,10.0,15.0,3.0,0.0,10.0,21.0,24.0,15.0,15.0,10.0,19.0,0.0,3.0,30.0,10.0],[0.0,13.0,19.0,17.0,14.0,7.0,11.0,19.0,15.0,19.0,29.0,4.0,4.0,14.0,0.0,0.0,7.0,11.0,14.0,0.0,13.0,11.0,14.0,19.0,13.0,19.0,0.0,13.0,19.0,14.0,19.0,15.0,0.0,15.0,7.0,17.0,29.0,4.0,19.0,19.0,29.0,13.0,19.0,4.0,4.0,29.0,15.0,19.0,0.0,17.0,29.0],[13.0,0.0,18.0,9.0,23.0,20.0,24.0,21.0,2.0,18.0,16.0,17.0,17.0,18.0,9.0,13.0,20.0,24.0,23.0,13.0,0.0,24.0,23.0,21.0,0.0,21.0,13.0,0.0,18.0,23.0,18.0,2.0,13.0,2.0,20.0,9.0,16.0,17.0,18.0,21.0,16.0,0.0,18.0,17.0,17.0,16.0,2.0,18.0,18.0,0.0,16.0],[19.0,18.0,27.0,27.0,22.0,15.0,11.0,3.0,16.0,0.0,12.0,18.0,15.0,22.0,19.0,11.0,11.0,11.0,22.0,19.0,18.0,11.0,22.0,3.0,18.0,3.0,19.0,18.0,0.0,22.0,27.0,16.0,19.0,16.0,15.0,27.0,12.0,18.0,0.0,3.0,12.0,18.0,27.0,18.0,18.0,12.0,16.0,0.0,0.0,27.0,0.0]],"successors":[[-1,19,32,14,32,32,32,32,19,26,19,32,32,32,14,15,32,32,32,19,19,32,32,32,19,32,26,19,26,32,32,19,32,19,32,14,19,32,26,32,19,19,32,32,32,19,19,26,26,14,19],[41,-1,20,27,20,41,41,24,24,24,24,41,41,20,27,41,41,41,20,41,20,41,20,24,24,24,41,27,24,20,20,24,41,24,41,27,24,41,24,24,24,41,20,41,41,24,24,24,24,27,24],[13,42,-1,30,13,13,13,13,42,13,13,13,13,13,13,13,13,13,13,13,42,13,13,13,42,13,13,42,13,13,30,42,13,42,13,30,13,13,13,13,13,42,42,13,13,13,42,13,13,30,13],[14,49,35,-1,35,14,14,49,49,49,49,14,14,35,14,14,14,14,35,14,49,14,35,49,49,49,14,49,49,35,35,49,14,49,14,35,49,14,49,49,49,49,35,14,14,49,49,49,49,49,49],[29,13,13,13,-1,29,29,29,13,29,18,29,29,13,29,29,29,29,18,29,13,29,22,29,13,29,29,13,29,29,13,13,29,13,29,13,18,29,29,29,18,13,13,29,29,18,13,29,29,13,18],[12,12,34,12,34,-1,16,16,12,16,16,12,12,34,12,16,16,16,34,12,12,16,34,16,12,16,12,12,16,34,34,12,12,12,34,12,16,12,16,16,16,12,34,12,12,16,12,16,16,12,16],[16,16,16,16,16,16,-1,17,16,17,17,16,16,16,16,15,16,17,16,16,16,21,16,17,16,17,16,16,17,16,16,16,16,16,16,16,17,16,17,17,17,16,16,16,16,17,16,17,17,16,17],[39,25,39,25,39,39,39,-1,25,25,23,39,39,39,39,39,39,39,39,39,25,39,39,23,25,25,39,25,25,39,39,25,39,25,39,25,23,39,25,39,23,25,39,39,39,23,25,25,25,25,23],[46,46,46,46,46,46,46,33,-1,33,31,46,46,46,46,46,46,46,46,46,46,46,46,33,46,33,46,46,33,46,46,31,46,33,46,46,31,46,33,33,31,46,46,46,46,31,46,33,33,46,31],[48,38,47,38,47,47,47,47,38,-1,28,47,47,47,48,47,47,47,47,48,38,47,47,47,38,47,48,38,28,47,47,38,48,38,47,38,28,47,38,47,28,38,47,47,47,28,38,47,48,38,28],[45,36,40,36,40,45,45,45,36,50,-1,45,45,40,36,45,45,45,40,45,36,45,40,45,36,45,45,36,50,40,40,36,45,36,45,36,36,45,50,45,40,36,40,45,45,45,36,50,50,36,50],[37,37,12,37,12,12,12,12,37,12,12,-1,12,12,37,37,12,12,12,37,37,12,12,12,37,12,37,37,12,12,12,37,37,37,12,37,12,37,12,12,12,37,12,43,44,12,37,12,12,37,12],[11,11,5,11,5,5,5,5,11,5,5,11,-1,5,11,5,5,5,5,11,11,5,5,5,11,5,11,11,5,5,5,11,11,11,5,11,5,11,5,5,5,11,5,11,11,5,11,5,5,11,5],[4,2,2,2,4,4,4,4,2,4,4,4,4,-1,4,4,4,4,4,4,2,4,4,4,2,4,4,2,4,4,2,2,4,2,4,2,4,4,4,4,4,2,2,4,4,4,2,4,4,2,4],[0,3,0,3,0,0,0,0,3,0,3,0,0,0,-1,0,0,0,0,0,3,0,0,0,3,0,0,3,0,0,0,3,0,3,0,3,3,0,0,0,3,3,0,0,0,3,3,0,0,3,3],[0,0,6,0,6,6,6,6,0,6,6,0,6,6,0,-1,6,6,6,0,0,6,6,6,0,6,0,0,6,6,6,0,0,0,6,0,6,0,6,6,6,0,6,0,0,6,0,6,6,0,6],[5,5,5,5,5,5,6,6,5,6,6,5,5,5,5,6,-1,6,5,5,5,6,5,6,5,6,5,5,6,5,5,5,5,5,5,5,6,5,6,6,6,5,5,5,5,6,5,6,6,5,6],[7,7,7,7,7,7,7,7,7,7,7,7,7,7,7,7,7,-1,7,7,7,7,7,7,7,7,7,7,7,7,7,7,7,7,7,7,7,7,7,7,7,7,7,7,7,7,7,7,7,7,7],[10,10,10,10,10,10,10,10,10,10,10,10,10,10,10,10,10,10,-1,10,10,10,10,10,10,10,10,10,10,10,10,10,10,10,10,10,10,10,10,10,10,10,10,10,10,10,10,10,10,10,10],[1,1,1,1,1,1,1,1,1,1,1,1,1,1,1,1,1,1,1,-1,1,1,1,1,1,1,1,1,1,1,1,1,1,1,1,1,1,1,1,1,1,1,1,1,1,1,1,1,1,1,1],[2,2,2,2,2,2,2,2,2,2,2,2,2,2,2,2,2,2,2,2,-1,2,2,2,2,2,2,2,2,2,2,2,2,2,2,2,2,2,2,2,2,2,2,2,2,2,2,2,2,2,2],[11,11,11,11,11,11,11,11,11,11,11,11,11,11,11,11,11,11,11,11,11,-1,11,11,11,11,11,11,11,11,11,11,11,11,11,11,11,11,11,11,11,11,11,11,11,11,11,11,11,11,11],[11,11,11,11,11,11,11,11,11,11,11,11,11,11,11,11,11,11,11,11,11,11,-1,11,11,11,11,11,11,11,11,11,11,11,11,11,11,11,11,11,11,11,11,11,11,11,11,11,11,11,11],[10,10,10,10,10,10,10,10,10,10,10,10,10,10,10,10,10,10,10,10,10,10,10,-1,10,10,10,10,10,10,10,10,10,10,10,10,10,10,10,10,10,10,10,10,10,10,10,10,10,10,10],[8,8,8,8,8,8,8,8,8,8,8,8,8,8,8,8,8,8,8,8,8,8,8,8,-1,8,8,8,8,8,8,8,8,8,8,8,8,8,8,8,8,8,8,8,8,8,8,8,8,8,8],[9,9,9,9,9,9,9,9,9,9,9,9,9,9,9,9,9,9,9,9,9,9,9,9,9,-1,9,9,9,9,9,9,9,9,9,9,9,9,9,9,9,9,9,9,9,9,9,9,9,9,9],[9,9,9,9,9,9,9,9,9,9,9,9,9,9,9,9,9,9,9,9,9,9,9,9,9,9,-1,9,9,9,9,9,9,9,9,9,9,9,9,9,9,9,9,9,9,9,9,9,9,9,9],[3,3,3,3,3,3,3,3,3,3,3,3,3,3,3,3,3,3,3,3,3,3,3,3,3,3,3,-1,3,3,3,3,3,3,3,3,3,3,3,3,3,3,3,3,3,3,3,3,3,3,3],[10,10,10,10,10,10,10,10,10,10,10,10,10,10,10,10,10,10,10,10,10,10,10,10,10,10,10,10,-1,10,10,10,10,10,10,10,10,10,10,10,10,10,10,10,10,10,10,10,10,10,10],[5,5,5,5,5,5,5,5,5,5,5,5,5,5,5,5,5,5,5,5,5,5,5,5,5,5,5,5,5,-1,5,5,5,5,5,5,5,5,5,5,5,5,5,5,5,5,5,5,5,5,5],[3,3,3,3,3,3,3,3,3,3,3,3,3,3,3,3,3,3,3,3,3,3,3,3,3,3,3,3,3,3,-1,3,3,3,3,3,3,3,3,3,3,3,3,3,3,3,3,3,3,3,3],[10,10,10,10,10,10,10,10,10,10,10,10,10,10,10,10,10,10,10,10,10,10,10,10,10,10,10,10,10,10,10,-1,10,10,10,10,10,10,10,10,10,10,10,10,10,10,10,10,10,10,10],[11,11,11,11,11,11,11,11,11,11,11,11,11,11,11,11,11,11,11,11,11,11,11,11,11,11,11,11,11,11,11,11,-1,11,11,11,11,11,11,11,11,11,11,11,11,11,11,11,11,11,11],[9,9,9,9,9,9,9,9,9,9,9,9,9,9,9,9,9,9,9,9,9,9,9,9,9,9,9,9,9,9,9,9,9,-1,9,9,9,9,9,9,9,9,9,9,9,9,9,9,9,9,9],[4,4,4,4,4,4,4,4,4,4,4,4,4,4,4,4,4,4,4,4,4,4,4,4,4,4,4,4,4,4,4,4,4,4,-1,4,4,4,4,4,4,4,4,4,4,4,4,4,4,4,4],[2,2,2,2,2,2,2,2,2,2,2,2,2,2,2,2,2,2,2,2,2,2,2,2,2,2,2,2,2,2,2,2,2,2,2,-1,2,2,2,2,2,2,2,2,2,2,2,2,2,2,2],[8,8,8,8,8,8,8,8,8,8,8,8,8,8,8,8,8,8,8,8,8,8,8,8,8,8,8,8,8,8,8,8,8,8,8,8,-1,8,8,8,8,8,8,8,8,8,8,8,8,8,8],[0,0,0,0,0,0,0,0,0,0,0,0,0,0,0,0,0,0,0,0,0,0,0,0,0,0,0,0,0,0,0,0,0,0,0,0,0,-1,0,0,0,0,0,0,0,0,0,0,0,0,0],[8,8,8,8,8,8,8,8,8,8,8,8,8,8,8,8,8,8,8,8,8,8,8,8,8,8,8,8,8,8,8,8,8,8,8,8,8,8,-1,8,8,8,8,8,8,8,8,8,8,8,8],[6,6,6,6,6,6,6,6,6,6,6,6,6,6,6,6,6,6,6,6,6,6,6,6,6,6,6,6,6,6,6,6,6,6,6,6,6,6,6,-1,6,6,6,6,6,6,6,6,6,6,6],[4,4,4,4,4,4,4,4,4,4,4,4,4,4,4,4,4,4,4,4,4,4,4,4,4,4,4,4,4,4,4,4,4,4,4,4,4,4,4,4,-1,4,4,4,4,4,4,4,4,4,4],[0,0,0,0,0,0,0,0,0,0,0,0,0,0,0,0,0,0,0,0,0,0,0,0,0,0,0,0,0,0,0,0,0,0,0,0,0,0,0,0,0,-1,0,0,0,0,0,0,0,0,0],[1,1,1,1,1,1,1,1,1,1,1,1,1,1,1,1,1,1,1,1,1,1,1,1,1,1,1,1,1,1,1,1,1,1,1,1,1,1,1,1,1,1,-1,1,1,1,1,1,1,1,1],[6,6,6,6,6,6,6,6,6,6,6,6,6,6,6,6,6,6,6,6,6,6,6,6,6,6,6,6,6,6,6,6,6,6,6,6,6,6,6,6,6,6,6,-1,6,6,6,6,6,6,6],[4,4,4,4,4,4,4,4,4,4,4,4,4,4,4,4,4,4,4,4,4,4,4,4,4,4,4,4,4,4,4,4,4,4,4,4,4,4,4,4,4,4,4,4,-1,4,4,4,4,4,4],[7,7,7,7,7,7,7,7,7,7,7,7,7,7,7,7,7,7,7,7,7,7,7,7,7,7,7,7,7,7,7,7,7,7,7,7,7,7,7,7,7,7,7,7,7,-1,7,7,7,7,7],[1,1,1,1,1,1,1,1,1,1,1,1,1,1,1,1,1,1,1,1,1,1,1,1,1,1,1,1,1,1,1,1,1,1,1,1,1,1,1,1,1,1,1,1,1,1,-1,1,1,1,1],[7,7,7,7,7,7,7,7,7,7,7,7,7,7,7,7,7,7,7,7,7,7,7,7,7,7,7,7,7,7,7,7,7,7,7,7,7,7,7,7,7,7,7,7,7,7,7,-1,7,7,7],[0,0,0,0,0,0,0,0,0,0,0,0,0,0,0,0,0,0,0,0,0,0,0,0,0,0,0,0,0,0,0,0,0,0,0,0,0,0,0,0,0,0,0,0,0,0,0,0,-1,0,0],[1,1,1,1,1,1,1,1,1,1,1,1,1,1,1,1,1,1,1,1,1,1,1,1,1,1,1,1,1,1,1,1,1,1,1,1,1,1,1,1,1,1,1,1,1,1,1,1,1,-1,1],[9,9,9,9,9,9,9,9,9,9,9,9,9,9,9,9,9,9,9,9,9,9,9,9,9,9,9,9,9,9,9,9,9,9,9,9,9,9,9,9,9,9,9,9,9,9,9,9,9,9,-1]],"timeTakenToComputeFloydWarshall":4.0}
